   21.78  282  6.00 
    4.00   52  0.20 
    4.00   42  0.16 
    4.00   63  0.25 
    4.00   42  0.16 
    4.00   42  0.17 
    4.00   63  0.25 
    4.00   42  0.16 
   27.81   86  2.33 
    4.00   35  0.14 
    4.00   49  0.19 
    4.00   42  0.16 
              disk0 
    KB/t  tps  MB/s 
    4.00   63  0.25 
    4.36  111  0.47 
    4.00   56  0.22 
   14.41  137  1.94 
    4.00   42  0.16 
    6.68  148  0.97 
   52.72   89  4.58 
    4.00   63  0.25 
    4.09   63  0.25 
    4.00   42  0.16 
    4.00   56  0.22 
    4.00   49  0.19 
    4.00   43  0.17 
   15.65   86  1.31 
    4.00   42  0.16 
    4.00   56  0.22 
    4.00   49  0.19 
    4.00   63  0.25 
   13.14  164  2.11 
    4.00   42  0.16 
              disk0 
    KB/t  tps  MB/s 
    4.00   64  0.25 
    4.00   63  0.25 
    4.00   42  0.16 
    4.00   56  0.22 
    4.00   63  0.25 
    4.13   30  0.12 
    4.00   63  0.25 
   22.03  309  6.66 
    4.00   69  0.27 
    4.29  108  0.45 
    8.76   66  0.56 
   15.41   91  1.37 
    4.73   91  0.42 
   15.45  137  2.06 
    4.00   63  0.25 
    4.37   43  0.18 
    4.09   42  0.17 
   10.26  175  1.76 
    4.94   63  0.31 
    5.82  125  0.71 
              disk0 
    KB/t  tps  MB/s 
    4.00   42  0.16 
    4.00   42  0.16 
    4.08   51  0.20 
    4.00   42  0.16 
    4.00   63  0.25 
    4.00   42  0.16 
    4.00   44  0.17 
    5.68  169  0.94 
   33.39  223  7.26 
    7.12  104  0.73 
    4.00   63  0.25 
    4.00   42  0.16 
    7.05  220  1.51 
   31.18  184  5.62 
    4.12  101  0.41 
    4.00   50  0.20 
    4.00   63  0.25 
    4.00   64  0.25 
   31.43   77  2.36 
    4.00   56  0.22 
              disk0 
    KB/t  tps  MB/s 
    4.00   14  0.05 
    4.00   28  0.11 
    4.00   63  0.25 
   12.14  171  2.02 
    4.00   56  0.22 
    4.00   50  0.20 
    4.00   42  0.16 
    4.00   43  0.17 
    5.84  141  0.81 
    4.31   85  0.36 
    7.22   98  0.69 
    4.00   43  0.17 
    4.00   63  0.25 
    4.00   63  0.25 
    4.00   21  0.08 
    4.00   56  0.22 
    6.96  208  1.41 
   47.34  150  6.95 
    4.51  182  0.80 
    4.00   63  0.25 
              disk0 
    KB/t  tps  MB/s 
    4.00   42  0.16 
    6.47   82  0.52 
    4.00   43  0.17 
   25.83   66  1.68 
    4.00   44  0.17 
    4.00   63  0.25 
    4.00   63  0.25 
    4.00   42  0.17 
    4.00   63  0.25 
    4.00   45  0.18 
    4.00   64  0.25 
   13.78  146  1.96 
    4.33   42  0.18 
   19.60  183  3.51 
    4.34   47  0.20 
    4.00   58  0.23 
    4.00   42  0.16 
    5.54  148  0.80 
    4.00   42  0.16 
    4.82  184  0.87 
              disk0 
    KB/t  tps  MB/s 
    4.50  171  0.75 
    4.00   42  0.16 
    4.00   56  0.22 
    4.72   52  0.24 
    4.00   42  0.16 
    4.72  111  0.51 
    4.03   63  0.25 
    4.00   42  0.16 
    7.41  165  1.19 
   19.05  124  2.31 
    9.21  107  0.96 
    4.79  350  1.64 
    4.00   63  0.25 
    6.83  113  0.75 
    4.00   68  0.27 
    4.59   71  0.32 
    4.00   44  0.17 
    5.80  106  0.60 
    4.00   66  0.26 
    4.00   60  0.24 
              disk0 
    KB/t  tps  MB/s 
    4.00   44  0.17 
    6.90  114  0.77 
    4.00   63  0.25 
    8.03  140  1.10 
    4.00   42  0.16 
    4.00   46  0.18 
    4.10   58  0.23 
    4.00   65  0.26 
    4.00   47  0.19 
    4.00   35  0.14 
    4.00   49  0.19 
    7.34  102  0.73 
    4.00   49  0.19 
    4.00   35  0.14 
    7.01  237  1.62 
   44.94  125  5.50 
    4.00   83  0.32 
    6.42   83  0.52 
    5.20  176  0.89 
    4.00   69  0.27 
              disk0 
    KB/t  tps  MB/s 
    4.00   42  0.17 
    4.00   42  0.16 
    4.00   35  0.14 
    4.00   49  0.19 
   16.96  213  3.53 
   33.11  172  5.57 
    4.00   42  0.16 
    6.48   81  0.51 
    4.00   63  0.25 
    4.00   42  0.16 
    4.00   56  0.22 
    5.80  163  0.92 
   33.63  160  5.26 
   10.87  189  2.01 
    4.00   57  0.22 
    7.44  153  1.11 
   41.16  117  4.69 
    4.00   25  0.10 
    4.00   35  0.14 
    4.00   49  0.19 
              disk0 
    KB/t  tps  MB/s 
    4.00   42  0.16 
    4.00   63  0.25 
    4.00   42  0.17 
    4.56   67  0.30 
    4.00   42  0.17 
    4.00   63  0.25 
    4.00   63  0.25 
    4.00   43  0.17 
   14.19  162  2.25 
    4.00   63  0.25 
    4.00   56  0.22 
    4.00   49  0.19 
    4.00   61  0.24 
    4.00   44  0.17 
    4.00   63  0.25 
    4.00   56  0.22 
    4.00   42  0.16 
   23.32  293  6.67 
    4.00   64  0.25 
    5.81   57  0.33 
              disk0 
    KB/t  tps  MB/s 
    4.01 2462  9.64 
    4.00   43  0.17 
    4.64  446  2.03 
    6.91  137  0.93 
    4.08   71  0.28 
    6.48  128  0.81 
    7.69   97  0.73 
   74.87   70  5.15 
    4.00   49  0.19 
    4.89   67  0.32 
    5.45  192  1.02 
    4.00   63  0.25 
    6.22  100  0.61 
    4.00   50  0.20 
    4.00   56  0.22 
    4.00   49  0.19 
    4.00   42  0.16 
   36.71   67  2.42 
   13.49  142  1.87 
    4.00   63  0.25 
              disk0 
    KB/t  tps  MB/s 
    4.00   50  0.20 
    4.00   54  0.21 
    4.00   42  0.16 
    4.00   35  0.14 
    4.00   49  0.19 
    4.00   42  0.16 
    4.00   63  0.25 
    4.00   42  0.16 
    4.00   65  0.25 
    4.00   63  0.25 
    4.00   42  0.16 
    4.00   42  0.16 
    4.00   56  0.22 
    8.33  170  1.38 
    4.00   71  0.28 
    4.00   42  0.16 
    4.00   42  0.16 
    4.00   76  0.30 
    4.00   73  0.29 
    4.00   49  0.19 
              disk0 
    KB/t  tps  MB/s 
    4.00   42  0.16 
    4.00   56  0.22 
    4.08   52  0.21 
    4.09   42  0.17 
    4.00   56  0.22 
    4.89  116  0.56 
    4.64  118  0.54 
    4.00   40  0.16 
    6.18  110  0.66 
    4.00   43  0.17 
    4.76   92  0.43 
    4.00   35  0.14 
    4.00   49  0.19 
    4.00   42  0.16 
    4.00   42  0.16 
    4.00   21  0.08 
    4.00   42  0.16 
    4.00   14  0.05 
    4.00   21  0.08 
    4.00   28  0.11 
              disk0 
    KB/t  tps  MB/s 
    5.08  167  0.83 
    4.00   42  0.16 
    4.00   21  0.08 
    7.21  119  0.84 
    4.00   63  0.25 
    4.00   21  0.08 
    4.00   42  0.16 
    5.21  156  0.80 
    4.00   39  0.15 
    4.00   42  0.16 
    4.00   49  0.19 
    4.00   28  0.11 
    4.00   49  0.19 
    5.90  145  0.84 
    5.91  114  0.66 
   18.54   74  1.34 
    4.54  119  0.53 
    4.05   42  0.17 
   23.72  137  3.18 
    4.00   64  0.25 
              disk0 
    KB/t  tps  MB/s 
    4.00   63  0.25 
    7.72   85  0.64 
    4.00   46  0.18 
    5.78   91  0.51 
    4.74  241  1.12 
    4.00   42  0.16 
    5.39  172  0.91 
    4.00   44  0.17 
    7.74   83  0.63 
    4.00   67  0.26 
    5.89  129  0.74 
    6.11  137  0.82 
    4.00   44  0.17 
    6.26  133  0.82 
    4.00   42  0.16 
    4.00   63  0.25 
    4.00   42  0.16 
    4.00   63  0.25 
    5.90  157  0.90 
   35.49   71  2.46 
              disk0 
    KB/t  tps  MB/s 
    4.00   63  0.25 
    5.78  152  0.86 
    4.29   83  0.35 
    9.24   55  0.50 
    4.00   42  0.16 
    4.00   42  0.16 
    4.00   63  0.25 
    4.00   42  0.16 
   13.13  163  2.09 
    4.32   81  0.34 
    6.63  182  1.18 
   61.77   74  4.48 
    4.00   42  0.16 
    4.40   65  0.28 
    4.00   75  0.29 
    4.03   60  0.24 
    4.00   49  0.19 
    4.37   64  0.28 
    4.00   42  0.16 
    4.00   84  0.33 
              disk0 
    KB/t  tps  MB/s 
    4.00   42  0.16 
    4.00   63  0.25 
    4.00   42  0.17 
   11.41  202  2.25 
    5.13  125  0.63 
    6.20  130  0.79 
    4.81  114  0.53 
    4.00   56  0.22 
    4.00   42  0.17 
    4.36   49  0.21 
    4.00   46  0.18 
   15.63  224  3.42 
    4.28  107  0.45 
    4.00   42  0.16 
    4.00   63  0.25 
    4.00   42  0.16 
    4.00   42  0.17 
   21.75   90  1.92 
   18.34  188  3.37 
    4.27   44  0.18 
              disk0 
    KB/t  tps  MB/s 
    4.05   44  0.17 
    4.00   42  0.16 
    4.47   67  0.29 
    4.05   42  0.17 
    4.00   42  0.17 
    4.04   54  0.21 
    5.80   94  0.53 
    6.04  198  1.17 
    4.00   44  0.17 
    4.05   42  0.17 
    5.12   44  0.22 
    4.00   49  0.19 
    4.83   84  0.40 
    6.74  164  1.08 
    4.00   42  0.16 
    4.00   42  0.16 
   28.70   94  2.63 
   94.53   54  5.02 
    4.00   39  0.15 
    4.00   35  0.14 
              disk0 
    KB/t  tps  MB/s 
    4.00   42  0.16 
    6.60  124  0.80 
    4.08   74  0.30 
    4.00   42  0.16 
    4.00   63  0.25 
    4.00   42  0.16 
    4.00   63  0.25 
    4.00   58  0.23 
   14.62  139  1.99 
    4.00   63  0.25 
    4.00   63  0.25 
    4.00   42  0.16 
    4.00   63  0.25 
    4.00   42  0.16 
    4.00   42  0.16 
    4.00   42  0.17 
    4.00   42  0.16 
    4.00   42  0.16 
    4.00   42  0.16 
    4.00   42  0.16 
              disk0 
    KB/t  tps  MB/s 
    4.00   42  0.16 
    4.00   56  0.22 
    4.76   97  0.45 
   19.80   88  1.71 
    4.00   56  0.22 
    4.00   63  0.25 
   23.77  119  2.77 
    4.05   43  0.17 
    4.00   44  0.17 
    4.00   42  0.16 
    4.00   56  0.22 
    4.00   28  0.11 
    4.00   44  0.17 
    4.00   42  0.16 
    4.00   42  0.16 
    4.00   63  0.25 
    4.62   90  0.41 
   15.19  136  2.02 
    7.25  115  0.81 
    4.00   46  0.18 
              disk0 
    KB/t  tps  MB/s 
    4.00   42  0.17 
    4.00   63  0.25 
    4.00   42  0.16 
    4.00   56  0.22 
    4.00   28  0.11 
    4.00   63  0.25 
    4.00   42  0.16 
    4.30  119  0.50 
    4.00   42  0.16 
    4.00   42  0.16 
    4.00   42  0.17 
    4.00   42  0.16 
   13.49  161  2.13 
    6.60  118  0.76 
    5.12  177  0.89 
   91.88   49  4.40 
   47.39   56  2.59 
    4.00   63  0.25 
    5.77   98  0.55 
    4.00   63  0.25 
              disk0 
    KB/t  tps  MB/s 
    4.00   42  0.16 
    4.00   63  0.25 
    4.00   42  0.16 
    4.00   42  0.16 
    4.00   21  0.08 
    4.00   63  0.25 
    4.00   42  0.16 
   12.01  187  2.20 
    4.00   55  0.22 
    4.00   63  0.25 
    4.00   42  0.17 
   54.73   86  4.62 
    4.00   42  0.16 
    4.00   63  0.25 
    4.00   64  0.25 
    4.26   45  0.19 
    4.00   42  0.16 
    4.00   70  0.28 
    4.00   56  0.22 
    4.00   63  0.25 
              disk0 
    KB/t  tps  MB/s 
    4.00   42  0.16 
    4.00   56  0.22 
   14.21  164  2.27 
    4.00   49  0.19 
    4.00   42  0.16 
    4.09   21  0.09 
    4.00   42  0.16 
    4.04   50  0.20 
    4.00   56  0.22 
    4.00   42  0.16 
    4.00   42  0.16 
    4.00   42  0.16 
   22.63  134  2.95 
    4.00   42  0.16 
    4.00   42  0.16 
    4.00   49  0.19 
    4.34   77  0.33 
   13.35  163  2.13 
    4.00   42  0.16 
    4.34   77  0.33 
              disk0 
    KB/t  tps  MB/s 
    4.53   60  0.27 
    6.13  140  0.84 
    4.00   49  0.19 
    4.00   42  0.16 
    4.00   42  0.16 
    4.25   87  0.36 
    5.98  153  0.90 
    4.00   57  0.22 
    6.32  128  0.79 
    4.00   42  0.16 
    4.00   63  0.25 
    4.00   42  0.16 
   13.15  198  2.54 
    4.75   96  0.45 
    4.00   56  0.22 
    4.00   70  0.27 
    4.00   42  0.16 
    5.89  161  0.93 
    4.41   96  0.41 
    4.00   63  0.25 
              disk0 
    KB/t  tps  MB/s 
    4.00   56  0.22 
    4.00   49  0.19 
    4.00   42  0.16 
   16.40  220  3.53 
    4.32   87  0.37 
    4.00   42  0.16 
    4.00   63  0.25 
   13.15  167  2.15 
    4.00   42  0.16 
    9.03   48  0.43 
    5.77   96  0.54 
    6.87   42  0.28 
    4.00   63  0.25 
    6.05  173  1.02 
   44.66  111  4.86 
    4.00   60  0.24 
    4.00   53  0.21 
    6.67  158  1.03 
    4.18   43  0.18 
    4.00   63  0.25 
              disk0 
    KB/t  tps  MB/s 
    4.00   42  0.16 
    4.72  132  0.61 
   14.84  133  1.93 
    4.00   63  0.25 
    4.00   28  0.11 
    4.91   50  0.24 
    6.79   67  0.45 
   11.68   49  0.56 
    4.00   35  0.14 
    4.00   43  0.17 
    4.00   63  0.25 
    4.08   51  0.20 
    4.00   42  0.16 
   37.92   71  2.62 
    4.00   42  0.16 
    4.09   44  0.18 
    4.00   42  0.17 
   11.18  349  3.81 
    8.91   94  0.82 
    4.00   35  0.14 
              disk0 
    KB/t  tps  MB/s 
    4.00   42  0.16 
    4.00   49  0.19 
    4.00   63  0.25 
    4.00   42  0.17 
    4.45   44  0.19 
    4.00   42  0.16 
